001
003
005
009
011
014
016
018
020
022
025
027
029
031
033
036
038
039
042
043
046
049
051
053
058
059
061
063
064
066
077
078
080
084
090
091
093
112
113
117
118
120
123
129
131
133
134
136
137
140
145
146
148
150
157
159
167
168
169
173
175
178
179
183
192
199
201
202
204
206
214
216
223
225
226
229
230
232
235
240
241
243
247
249
250
251
254
255
259
261
265
268
271
273
276
277
284
286
287
292
294
295
298
303
304
312
326
327
332
333
341
362
364
370
373
374
377
380
384
398
399
400
414
417
418
419
422
425
426
448
450
457
460
461
479
481
482
486
488
489
491
499
502
503
508
510
514
520
544
545
546
547
554
557
562
565
568
571
573
574
582
588
592
596
599
607
612
616
619
623
628
629
632
652
655
656
668
673
679
683
686
688